12
1 6
2 1
3 1
4 9
5 10
6 4
7 7
8 6
9 10
10 10
11 6
71
0 1 75
1 0 75
0 2 3
2 0 3
0 3 59
3 0 59
0 4 8
4 0 8
0 5 75
5 0 75
0 6 55
6 0 55
0 7 96
7 0 96
0 8 94
8 0 94
0 9 30
9 0 30
0 10 91
10 0 91
0 11 65
11 0 65
1 4 84
1 5 65
1 6 69
1 7 98
1 8 50
1 9 25
1 10 65
1 11 79
2 3 23
2 4 22
2 5 32
2 6 94
2 7 30
2 8 60
2 9 80
2 10 57
2 11 32
3 4 24
3 5 88
3 6 57
3 7 75
3 8 45
3 9 70
3 10 32
3 11 88
4 5 3
4 6 77
4 7 16
4 8 95
4 9 73
4 10 4
5 6 2
5 8 17
5 9 53
5 10 86
5 11 1
6 7 68
6 8 58
6 9 72
6 10 75
6 11 11
7 8 25
7 9 19
7 10 71
7 11 10
8 10 23
8 11 94
9 11 46
10 11 14
